x,y,wide_right,wide_left
0.960975,4.022273,7.565,7.361
4.935182,0.985988,7.584,7.382
8.909306,-2.050381,7.603,7.403
12.883395,-5.086783,7.622,7.424
16.857499,-8.123162,7.641,7.444
20.831664,-11.159466,7.659,7.465
24.805915,-14.195670,7.678,7.486
28.780249,-17.231777,7.697,7.507
32.754662,-20.267790,7.716,7.528
36.729152,-23.303712,7.735,7.549
40.703715,-26.339550,7.754,7.569
44.678348,-29.375305,7.773,7.590
48.653048,-32.410982,7.792,7.611
52.627812,-35.446586,7.810,7.632
56.602635,-38.482119,7.829,7.653
60.577516,-41.517587,7.848,7.673
64.552450,-44.552993,7.867,7.694
68.527434,-47.588341,7.886,7.715
72.502466,-50.623634,7.905,7.736
76.477542,-53.658878,7.924,7.757
80.452658,-56.694076,7.942,7.778
84.427811,-59.729232,7.961,7.798
88.402999,-62.764349,7.980,7.819
92.378217,-65.799433,7.999,7.840
96.353463,-68.834486,8.018,7.861
100.328733,-71.869514,8.037,7.882
104.304024,-74.904519,8.056,7.903
108.279333,-77.939506,8.075,7.923
112.254657,-80.974479,8.093,7.944
116.229991,-84.009441,8.112,7.965
120.205334,-87.044397,8.131,7.986
124.180681,-90.079351,8.150,8.007
128.156029,-93.114307,8.169,8.028
132.131376,-96.149269,8.188,8.048
136.106717,-99.184240,8.207,8.069
140.082050,-102.219224,8.226,8.090
144.057372,-105.254227,8.244,8.111
148.032678,-108.289251,8.263,8.132
152.007966,-111.324300,8.282,8.153
155.983233,-114.359379,8.301,8.173
159.958476,-117.394491,8.320,8.194
163.933696,-120.429634,8.339,8.215
167.908892,-123.464808,8.358,8.236
171.884068,-126.500010,8.377,8.257
175.859222,-129.535241,8.395,8.278
179.834357,-132.570498,8.414,8.298
183.809473,-135.605780,8.433,8.319
187.784570,-138.641086,8.452,8.340
191.759651,-141.676414,8.471,8.361
195.734715,-144.711763,8.490,8.382
199.709764,-147.747133,8.509,8.403
203.684798,-150.782521,8.527,8.423
207.659819,-153.817926,8.546,8.444
211.634827,-156.853348,8.565,8.465
215.609823,-159.888784,8.584,8.486
219.584809,-162.924233,8.603,8.507
223.559784,-165.959694,8.622,8.528
227.534751,-168.995166,8.641,8.548
231.509709,-172.030647,8.660,8.569
235.484660,-175.066137,8.678,8.590
239.459605,-178.101633,8.697,8.611
243.434544,-181.137135,8.716,8.632
247.409478,-184.172640,8.735,8.652
251.384409,-187.208149,8.754,8.673
255.359337,-190.243659,8.773,8.694
259.334263,-193.279169,8.792,8.715
263.309188,-196.314679,8.811,8.736
267.284113,-199.350185,8.829,8.757
271.259039,-202.385688,8.848,8.777
275.233967,-205.421186,8.867,8.798
279.208897,-208.456678,8.886,8.819
283.183831,-211.492161,8.905,8.840
287.158769,-214.527636,8.924,8.861
291.133712,-217.563101,8.943,8.882
295.108662,-220.598554,8.962,8.902
299.083618,-223.633994,8.980,8.923
303.058583,-226.669419,8.999,8.944
307.033557,-229.704829,9.018,8.965
311.008540,-232.740223,9.037,8.986
314.983534,-235.775598,9.056,9.007
318.958539,-238.810953,9.075,9.027
322.933558,-241.846288,9.094,9.048
326.908589,-244.881600,9.112,9.069
330.883635,-247.916890,9.131,9.090
334.858696,-250.952154,9.150,9.111
338.833773,-253.987392,9.169,9.132
342.808866,-257.022603,9.188,9.152
346.783978,-260.057785,9.207,9.173
350.759109,-263.092937,9.226,9.194
354.734259,-266.128058,9.245,9.215
358.709430,-269.163146,9.263,9.236
362.684622,-272.198201,9.282,9.257
366.659837,-275.233220,9.301,9.277
370.635075,-278.268202,9.320,9.298
374.610337,-281.303146,9.339,9.319
378.585624,-284.338052,9.358,9.340
382.560937,-287.372916,9.377,9.361
386.536277,-290.407739,9.396,9.382
390.511645,-293.442519,9.414,9.402
394.487041,-296.477254,9.433,9.423
398.462467,-299.511944,9.452,9.444
402.437923,-302.546586,9.471,9.465
406.413411,-305.581180,9.490,9.486
410.388931,-308.615724,9.509,9.507
414.364484,-311.650217,9.528,9.527
418.340071,-314.684658,9.547,9.548
422.315693,-317.719045,9.565,9.569
426.291351,-320.753378,9.584,9.590
430.267043,-323.787658,9.603,9.611
434.242623,-326.822136,9.622,9.631
438.217718,-329.857455,9.641,9.652
442.191934,-332.894291,9.660,9.673
446.164875,-335.933319,9.679,9.694
450.136149,-338.975216,9.697,9.715
454.105362,-342.020657,9.834,9.817
458.072119,-345.070320,10.174,10.063
462.036026,-348.124880,10.514,10.308
465.999327,-351.180744,10.855,10.553
470.016763,-354.149325,11.195,10.799
474.191312,-356.863942,11.549,11.118
478.571049,-359.248492,11.930,11.577
483.051662,-361.478112,12.310,12.037
487.536215,-363.712485,12.690,12.496
492.015508,-365.957821,13.070,12.956
496.494887,-368.194880,13.354,13.207
500.979718,-370.404386,13.579,13.332
505.485031,-372.546213,13.805,13.457
510.051639,-374.524646,14.031,13.581
514.724603,-376.234805,13.864,13.499
519.548983,-377.571811,13.601,13.365
524.546626,-378.398848,13.230,12.962
529.530615,-378.291920,12.393,12.048
534.198937,-376.683231,11.418,11.019
537.988568,-373.449566,11.340,10.486
539.961554,-369.136381,8.944,8.533
539.920519,-364.265048,8.729,8.241
538.772830,-359.243491,8.409,8.130
537.364328,-354.390016,7.870,8.079
535.890187,-349.663521,7.733,7.801
534.364158,-344.945227,7.596,7.524
532.796522,-340.214249,7.459,7.246
531.196600,-335.476799,7.380,7.205
529.573716,-330.739085,7.302,7.171
527.935986,-326.006291,7.225,7.136
526.286216,-321.279085,7.148,7.102
524.625750,-316.556888,7.091,7.057
522.955931,-311.839121,7.039,7.011
521.278105,-307.125208,6.987,6.964
519.593613,-302.414570,6.935,6.918
517.903802,-297.706630,6.883,6.871
516.210013,-293.000810,6.831,6.825
514.513593,-288.296531,6.779,6.779
512.815883,-283.593217,6.727,6.732
511.118229,-278.890289,6.675,6.686
509.421974,-274.187169,6.623,6.639
507.728463,-269.483280,6.571,6.593
506.039038,-264.778044,6.519,6.547
504.355045,-260.070883,6.467,6.500
502.677826,-255.361219,6.415,6.454
501.008727,-250.648474,6.363,6.407
499.348112,-245.932352,6.311,6.361
497.688532,-241.214807,6.259,6.314
496.018788,-236.498871,6.207,6.268
494.327662,-231.787584,6.156,6.222
492.604566,-227.083817,6.104,6.170
490.867125,-222.382986,6.059,6.085
489.171792,-217.670249,6.013,6.001
487.577850,-212.930013,5.967,5.917
486.144580,-208.146688,5.859,5.930
484.924649,-203.308359,5.733,5.982
483.942643,-198.418728,5.715,6.087
483.215694,-193.485641,5.799,6.099
482.760933,-188.516942,5.958,6.023
482.594142,-183.520820,5.910,5.873
482.709437,-178.510941,5.897,5.860
483.083488,-173.505387,5.899,5.904
483.692470,-168.522365,5.924,5.935
484.513207,-163.579571,5.912,5.977
485.532798,-158.686611,5.849,6.035
486.746568,-153.846613,5.846,6.025
488.150073,-149.062524,5.863,5.991
489.738868,-144.337291,5.829,6.033
491.508508,-139.673861,5.830,6.049
493.454549,-135.075181,5.941,5.984
495.572547,-130.544199,5.938,5.970
497.858057,-126.083861,5.828,6.005
500.308885,-121.700197,5.879,5.889
502.939993,-117.422733,5.937,5.804
505.774239,-113.291814,5.867,6.057
508.834525,-109.347840,5.914,6.112
512.143031,-105.630398,6.105,5.928
515.692941,-102.146249,5.913,6.089
519.439165,-98.858839,5.611,6.347
523.333996,-95.728644,5.860,6.095
527.329727,-92.716145,6.040,5.929
531.385440,-89.786763,6.000,6.047
535.487613,-86.925868,5.993,6.121
539.629630,-84.123856,6.084,6.063
543.804875,-81.371125,6.176,6.005
548.006735,-78.658073,6.138,6.041
552.228592,-75.975097,6.091,6.083
556.463831,-73.312595,6.044,6.125
560.705838,-70.660963,5.997,6.167
564.948007,-68.010615,5.981,6.178
569.186001,-65.355201,5.984,6.171
573.420524,-62.695565,5.987,6.164
577.652955,-60.033521,5.990,6.157
581.884675,-57.370881,5.994,6.150
586.117066,-54.709457,5.997,6.143
590.351508,-52.051064,6.000,6.136
594.589383,-49.397513,6.003,6.129
598.832070,-46.750619,6.007,6.122
603.080719,-44.111880,6.010,6.115
607.334797,-41.480523,6.013,6.108
611.593027,-38.854769,6.016,6.101
615.854129,-36.232835,6.020,6.094
620.116823,-33.612940,6.023,6.087
624.379830,-30.993300,6.026,6.080
628.641869,-28.372132,6.029,6.074
632.901660,-25.747654,6.033,6.067
637.157924,-23.118083,6.036,6.060
641.409381,-20.481636,6.039,6.053
645.654751,-17.836531,6.042,6.046
649.892754,-15.180985,6.046,6.039
654.122111,-12.513216,6.049,6.032
658.341540,-9.831440,6.052,6.025
662.549763,-7.133875,6.092,5.897
666.745500,-4.418738,6.135,5.760
670.927470,-1.684247,6.177,5.624
675.092230,1.073990,6.173,5.631
679.205603,3.897396,6.129,5.761
683.210574,6.854918,6.086,5.892
687.049585,10.016155,6.045,6.016
690.665190,13.450489,6.164,5.866
694.019104,17.189393,6.129,5.854
697.113959,21.183398,5.838,6.073
699.957648,25.372632,5.847,6.000
702.558062,29.697219,6.012,5.780
704.925818,34.102247,6.000,5.795
707.090448,38.567289,5.952,5.803
709.089523,43.086563,5.862,5.803
710.960640,47.654338,5.804,5.759
712.741398,52.264887,5.796,5.645
714.469395,56.912480,5.783,5.597
716.182231,61.591389,5.758,5.718
717.917502,66.295883,5.818,5.780
719.712700,71.019773,6.024,5.738
721.601632,75.741177,6.022,5.838
723.613614,80.419057,5.932,5.995
725.777684,85.011212,5.714,6.202
728.122885,89.475440,5.562,6.358
730.678255,93.769537,5.827,6.212
733.472838,97.851303,6.052,6.096
736.535671,101.678535,6.245,6.004
739.895797,105.209031,5.981,6.120
743.578996,108.404017,5.556,6.309
747.567499,111.270505,5.705,6.262
751.812513,113.848128,5.986,6.161
756.264575,116.177221,6.015,6.148
760.874224,118.298118,6.038,6.138
765.592000,120.251153,6.113,6.165
770.368439,122.076662,6.190,6.194
775.154082,123.814978,6.229,6.189
779.899499,125.506613,6.166,6.094
784.559911,127.217160,6.104,5.999
789.099965,129.063057,6.056,5.915
793.485446,131.166891,6.018,5.837
797.682142,133.651249,6.065,5.757
801.669462,136.607249,6.032,5.802
805.516289,139.919348,5.881,6.012
809.322027,143.393151,5.902,5.951
813.011951,146.975358,5.932,5.862
816.311849,150.776275,5.954,5.774
819.089082,154.846690,6.128,5.713
821.390183,159.156747,6.003,5.775
823.271851,163.672015,5.841,5.826
824.790781,168.358062,5.864,5.705
826.003673,173.180455,5.954,5.655
826.967223,178.104763,6.029,5.685
827.738129,183.096553,5.969,5.861
828.373088,188.121395,5.943,6.015
828.926265,193.149828,6.026,6.098
829.443020,198.169671,6.109,6.181
829.966806,203.172487,6.157,6.260
830.541071,208.149845,6.142,6.333
831.209269,213.093310,6.128,6.406
832.014848,217.994448,6.114,6.359
833.001261,222.844825,6.100,6.151
834.211958,227.636009,6.074,5.968
835.690227,232.359553,5.884,6.113
837.459905,237.005709,5.749,6.232
839.507203,241.562204,5.844,6.245
841.814026,246.016477,5.940,6.203
844.362283,250.355965,6.038,6.060
847.133879,254.568107,6.098,6.017
850.110721,258.640343,6.103,6.110
853.274717,262.560109,6.109,6.195
856.607773,266.314846,6.121,6.237
860.092884,269.894079,6.133,6.279
863.719742,273.300214,6.027,6.422
867.480595,276.540563,5.939,6.525
871.367693,279.622445,6.071,6.232
875.373288,282.553179,6.202,5.940
879.489631,285.340086,6.164,6.019
883.708973,287.990486,6.109,6.120
888.023565,290.511698,5.948,6.363
892.425659,292.911041,5.975,6.388
896.908040,295.190081,6.221,6.160
901.465272,297.331274,6.243,6.106
906.092287,299.313118,6.038,6.226
910.784016,301.114108,5.885,6.280
915.535391,302.712739,5.911,6.103
920.341344,304.087508,5.909,5.892
925.196806,305.216912,5.838,5.596
930.096709,306.079445,5.753,5.456
935.035495,306.654959,5.652,5.475
940.001940,306.939011,5.444,5.795
944.981167,306.937271,5.531,5.946
949.958243,306.655574,5.760,6.022
954.918231,306.099755,5.899,6.219
959.846199,305.275650,5.854,6.551
964.727209,304.189094,5.781,6.377
969.546329,302.845924,6.045,6.126
974.288621,301.251975,6.092,6.067
978.943476,299.419805,6.025,6.107
983.525668,297.401432,5.959,6.147
988.059206,295.263236,5.893,6.187
992.568114,293.071612,5.827,6.227
997.075973,290.891604,5.835,6.219
1001.594899,288.753125,5.916,6.162
1006.124780,286.648627,5.998,6.105
1010.664911,284.568735,6.079,6.047
1015.214581,282.504262,6.161,5.990
1019.773034,280.450809,6.242,5.933
1024.339460,278.409063,6.324,5.876
1028.913045,276.379953,6.295,5.889
1033.492976,274.364411,6.221,5.929
1038.078441,272.363366,6.147,5.970
1042.668627,270.377749,6.073,6.011
1047.262721,268.408491,5.999,6.052
1051.859910,266.456522,5.926,6.092
1056.462396,264.527315,5.868,6.096
1061.105615,262.676427,5.967,5.752
1065.845148,260.992380,6.025,5.565
1070.694154,259.733262,5.592,6.049
1075.589852,259.453060,5.903,5.675
1080.458836,260.358504,5.771,5.596
1085.223112,262.000200,5.984,5.844
1089.829863,264.020960,6.048,6.039
1094.270827,266.337477,6.136,6.052
1098.551487,268.899780,6.303,5.902
1102.693400,271.668375,6.470,5.753
1106.719711,274.604808,6.638,5.603
1110.653568,277.670622,6.347,5.879
1114.516105,280.830840,6.056,6.156
1118.317488,284.069450,5.785,6.414
1122.064161,287.376878,5.967,6.250
1125.762565,290.743553,6.148,6.085
1129.418694,294.160318,6.278,5.965
1133.028209,297.627549,6.349,5.895
1136.576427,301.155171,6.387,5.847
1140.048213,304.753523,6.255,5.922
1143.428431,308.432947,6.123,5.996
1146.701945,312.203783,5.991,6.071
1149.853622,316.076371,5.853,6.076
1152.868324,320.061052,5.727,6.049
1155.730945,324.168145,5.913,5.738
1158.458104,328.382386,5.995,5.579
1161.159672,332.613328,5.888,5.701
1163.962557,336.756782,5.953,5.788
1166.993669,340.708563,5.965,5.945
1170.369821,344.368227,5.667,6.378
1174.105880,347.673145,5.776,6.250
1178.157596,350.582617,5.809,6.073
1182.479992,353.056207,5.709,5.928
1187.028109,355.053938,6.001,5.908
1191.758183,356.568411,6.004,5.947
1196.628428,357.646101,5.918,5.990
1201.597239,358.338537,5.785,6.016
1206.623015,358.697245,5.744,6.101
1211.664688,358.760937,5.780,6.119
1216.683981,358.501514,5.888,5.900
1221.643522,357.869180,5.953,5.748
1226.505939,356.814128,5.920,5.717
1231.234872,355.296700,5.665,5.942
1235.799181,353.329583,5.645,6.222
1240.169400,350.942297,5.736,5.965
1244.316067,348.164370,5.799,5.855
1248.209719,345.025328,5.835,5.976
1251.820893,341.554700,5.862,5.910
1255.120126,337.782013,6.165,5.651
1258.077956,333.736794,5.651,5.876
1260.665099,329.448673,5.469,5.854
1262.987534,325.022596,5.509,5.556
1265.526300,320.772367,5.947,5.501
1268.776070,317.032195,5.726,5.716
1272.755137,313.991077,5.681,5.664
1277.227299,311.747616,6.051,5.621
1282.008735,310.296929,5.507,5.836
1286.949563,309.576067,5.855,5.777
1291.937097,309.501388,6.102,5.678
1296.886103,309.975008,6.026,5.850
1301.779936,310.868371,6.073,5.934
1306.638531,312.036570,5.999,6.051
1311.482169,313.334544,5.925,6.168
1316.330964,314.618362,5.916,6.186
1321.195519,315.809265,5.922,6.181
1326.071911,316.927990,5.928,6.177
1330.954994,318.003660,5.934,6.173
1335.839621,319.065399,5.940,6.169
1340.721465,320.137928,5.946,6.164
1345.600123,321.224952,5.952,6.160
1350.476357,322.323910,5.958,6.156
1355.350932,323.432242,5.964,6.152
1360.224610,324.547383,5.970,6.148
1365.098157,325.666773,5.976,6.143
1369.972337,326.787850,5.982,6.139
1374.847912,327.908051,5.988,6.135
1379.725607,329.024899,5.994,6.131
1384.605393,330.137523,6.000,6.126
1389.486574,331.246476,6.006,6.122
1394.368429,332.352364,6.012,6.118
1399.250238,333.455789,6.018,6.114
1404.131281,334.557357,6.024,6.109
1409.010837,335.657671,6.030,6.105
1413.888185,336.757336,6.036,6.101
1418.762606,337.856955,6.042,6.097
1423.633570,338.957191,6.048,6.093
1428.502214,340.059215,6.054,6.088
1433.370534,341.164460,6.060,6.084
1438.240535,342.274362,6.066,6.080
1443.114220,343.390358,6.071,6.076
1447.993594,344.513881,6.086,6.047
1452.880660,345.646369,6.110,5.986
1457.777423,346.789257,6.135,5.926
1462.684343,347.946843,5.999,6.080
1467.521191,349.273118,5.841,6.080
1472.089069,351.142211,6.012,5.823
1476.226285,353.836337,6.096,5.735
1479.985368,357.135263,6.042,5.875
1483.472818,360.720261,6.362,5.723
1486.761617,364.478219,6.150,5.947
1489.915279,368.354111,5.937,6.170
1492.997315,372.292912,5.839,6.307
1496.069278,376.241291,5.880,6.337
1499.158615,380.175418,5.921,6.367
1502.263832,384.096490,5.962,6.397
1505.382519,388.006499,6.003,6.428
1508.512268,391.907436,6.043,6.458
1511.650666,395.801291,6.084,6.488
1514.795305,399.690056,6.125,6.518
1517.943774,403.575722,6.166,6.549
1521.093666,407.460279,6.207,6.579
1524.243207,411.345190,6.248,6.609
1527.392182,415.230628,6.289,6.639
1530.540609,419.116575,6.330,6.670
1533.688506,423.003011,6.370,6.700
1536.835892,426.889915,6.411,6.730
1539.982785,430.777269,6.452,6.760
1543.129203,434.665052,6.493,6.791
1546.275165,438.553244,6.534,6.821
1549.420689,442.441826,6.575,6.851
1552.565793,446.330779,6.616,6.881
1555.710497,450.220082,6.656,6.912
1558.854817,454.109715,6.697,6.942
1561.998772,457.999660,6.738,6.972
1565.142382,461.889895,6.779,7.002
1568.285663,465.780402,6.820,7.033
1571.428635,469.671161,6.861,7.063
1574.571315,473.562152,6.902,7.093
1577.713722,477.453355,6.943,7.123
1580.855875,481.344750,6.983,7.154
1583.997791,485.236319,7.024,7.184
1587.139490,489.128040,7.065,7.214
1590.280988,493.019894,7.106,7.244
1593.422306,496.911863,7.147,7.274
1596.563460,500.803924,7.188,7.305
1599.704470,504.696060,7.229,7.335
1602.845353,508.588251,7.269,7.365
1605.986129,512.480476,7.310,7.395
1609.126814,516.372715,7.351,7.426
1612.267429,520.264950,7.392,7.456
1615.407990,524.157161,7.433,7.486
1618.548517,528.049327,7.474,7.516
1621.689027,531.941428,7.515,7.547
1624.829539,535.833446,7.556,7.577
1627.970072,539.725361,7.596,7.607
1631.110642,543.617153,7.637,7.637
1634.251229,547.508856,7.678,7.668
1637.391756,551.400571,7.719,7.698
1640.532146,555.292405,7.760,7.728
1643.672320,559.184465,7.801,7.758
1646.812199,563.076858,7.842,7.789
1649.951705,566.969691,7.883,7.819
1653.090758,570.863071,7.923,7.849
1656.229281,574.757104,7.964,7.879
1659.367193,578.651898,8.005,7.910
1662.504418,582.547559,8.150,8.030
1665.640876,586.444194,8.369,8.213
1668.776489,590.341910,8.589,8.397
1671.911177,594.240814,8.808,8.580
1675.044862,598.141013,9.027,8.764
1678.177466,602.042613,9.246,8.947
1681.308910,605.945722,9.465,9.131
1684.439090,609.850462,9.685,9.314
1687.561978,613.760711,9.904,9.498
1690.657989,617.688933,10.123,9.681
1693.705653,621.648793,10.342,9.865
1696.683497,625.653952,10.561,10.048
1699.573331,629.716592,10.814,10.387
1702.381768,633.837706,11.082,10.798
1705.126756,638.013170,11.350,11.210
1707.826299,642.238835,11.620,11.668
1710.493321,646.511774,11.898,12.334
1712.937853,650.877736,12.985,12.441
1714.703241,655.446460,12.876,12.237
1715.356469,660.276836,12.235,11.784
1714.631848,665.206685,10.100,10.068
1712.392049,669.880400,8.847,8.342
1708.841031,673.397410,8.196,7.896
1704.313251,675.052974,8.231,7.793
1699.321975,675.417049,8.375,7.964
1694.321432,675.218710,8.490,7.986
1689.388833,674.639471,8.496,7.727
1684.514453,673.734577,8.094,7.726
1679.688565,672.559276,7.845,7.647
1674.901442,671.168814,7.690,7.519
1670.143357,669.618439,7.536,7.391
1665.404585,667.963398,7.382,7.263
1660.675398,666.258936,7.228,7.135
1655.946093,664.560170,7.073,7.007
1651.210270,662.903287,7.023,6.976
1646.468246,661.285966,6.978,6.951
1641.721155,659.701210,6.933,6.926
1636.970133,658.142022,6.889,6.901
1632.216312,656.601403,6.844,6.876
1627.460828,655.072357,6.799,6.851
1622.704814,653.547886,6.755,6.826
1617.949406,652.020991,6.710,6.801
1613.195596,650.485491,6.665,6.776
1608.443450,648.940556,6.620,6.751
1603.692662,647.387518,6.576,6.726
1598.942924,645.827714,6.531,6.701
1594.193926,644.262482,6.486,6.676
1589.445361,642.693160,6.442,6.651
1584.696920,641.121086,6.406,6.634
1579.948296,639.547595,6.401,6.642
1575.199179,637.974028,6.397,6.651
1570.449261,636.401720,6.393,6.660
1565.698234,634.832010,6.388,6.668
1560.945790,633.266236,6.384,6.677
1556.191621,631.705734,6.379,6.685
1551.435417,630.151843,6.375,6.694
1546.676871,628.605900,6.370,6.703
1541.915675,627.069242,6.366,6.711
1537.151520,625.543208,6.362,6.720
1532.384118,624.029045,6.357,6.728
1527.613446,622.526875,6.353,6.737
1522.839658,621.036050,6.348,6.746
1518.062914,619.555907,6.344,6.754
1513.283373,618.085782,6.339,6.763
1508.501193,616.625012,6.335,6.771
1503.716532,615.172934,6.332,6.771
1498.929551,613.728886,6.330,6.767
1494.140408,612.292203,6.328,6.763
1489.349261,610.862224,6.325,6.759
1484.556270,609.438284,6.323,6.755
1479.761593,608.019720,6.321,6.750
1474.965389,606.605870,6.319,6.746
1470.167818,605.196071,6.317,6.742
1465.369037,603.789658,6.315,6.738
1460.569206,602.385970,6.312,6.734
1455.768484,600.984342,6.310,6.729
1450.967027,599.584127,6.308,6.725
1446.164909,598.185112,6.306,6.721
1441.362112,596.787575,6.304,6.717
1436.558615,595.391821,6.301,6.713
1431.754394,593.998155,6.299,6.708
1426.949428,592.606882,6.297,6.704
1422.143693,591.218307,6.295,6.700
1417.337167,589.832734,6.293,6.696
1412.529827,588.450468,6.290,6.692
1407.721636,587.071861,6.288,6.687
1402.912363,585.697811,6.286,6.683
1398.101654,584.329582,6.284,6.679
1393.289151,582.968442,6.282,6.675
1388.474496,581.615661,6.280,6.670
1383.657332,580.272508,6.278,6.666
1378.837300,578.940252,6.278,6.661
1374.014043,577.620164,6.279,6.656
1369.187206,576.313505,6.280,6.651
1364.356634,575.020799,6.280,6.647
1359.522554,573.741183,6.281,6.642
1354.685234,572.473636,6.282,6.637
1349.844943,571.217140,6.282,6.632
1345.001949,569.970677,6.283,6.627
1340.156521,568.733226,6.284,6.622
1335.308928,567.503769,6.284,6.617
1330.459439,566.281287,6.285,6.612
1325.608320,565.064761,6.286,6.607
1320.755842,563.853172,6.286,6.602
1315.902273,562.645502,6.287,6.597
1311.047881,561.440730,6.288,6.592
1306.192936,560.237838,6.288,6.590
1301.337704,559.035808,6.288,6.596
1296.482456,557.833620,6.288,6.602
1291.627459,556.630254,6.288,6.607
1286.772982,555.424694,6.288,6.613
1281.919267,554.216027,6.288,6.618
1277.066243,553.004609,6.288,6.624
1272.213641,551.791598,6.288,6.630
1267.361187,550.578170,6.288,6.635
1262.508608,549.365499,6.288,6.641
1257.655631,548.154758,6.288,6.647
1252.801983,546.947122,6.288,6.652
1247.947391,545.743765,6.288,6.658
1243.091581,544.545862,6.288,6.664
1238.234281,543.354585,6.288,6.669
1233.375217,542.171111,6.288,6.675
1228.514116,540.996611,6.287,6.680
1223.650704,539.832262,6.287,6.686
1218.784710,538.679236,6.287,6.692
1213.915859,537.538709,6.287,6.697
1209.043878,536.411853,6.287,6.703
1204.168495,535.299844,6.287,6.709
1199.289451,534.203789,6.287,6.714
1194.406873,533.123104,6.281,6.714
1189.521296,532.055407,6.275,6.715
1184.633276,530.998230,6.270,6.715
1179.743366,529.949106,6.264,6.716
1174.852124,528.905565,6.258,6.716
1169.960102,527.865141,6.253,6.717
1165.067858,526.825365,6.247,6.717
1160.175944,525.783770,6.241,6.718
1155.284868,524.738115,6.235,6.718
1150.394591,523.688674,6.230,6.719
1145.504735,522.637283,6.224,6.719
1140.614919,521.585798,6.218,6.720
1135.724763,520.536076,6.213,6.721
1130.833884,519.489974,6.207,6.721
1125.941900,518.449350,6.201,6.722
1121.048431,517.416060,6.196,6.722
1116.153096,516.391954,6.190,6.723
1111.255668,515.378157,6.184,6.723
1106.356187,514.374520,6.179,6.724
1101.454719,513.380761,6.173,6.724
1096.551332,512.396601,6.167,6.725
1091.646093,511.421760,6.161,6.725
1086.739069,510.455958,6.156,6.726
1081.830328,509.498914,6.150,6.726
1076.919936,508.550349,6.144,6.727
1072.007961,507.609982,6.152,6.741
1067.094470,506.677533,6.163,6.758
1062.179530,505.752723,6.174,6.775
1057.263208,504.835270,6.185,6.793
1052.345572,503.924896,6.196,6.810
1047.426689,503.021319,6.207,6.827
1042.506625,502.124260,6.218,6.845
1037.585449,501.233438,6.229,6.862
1032.663227,500.348575,6.240,6.879
1027.740011,499.469456,6.251,6.897
1022.815806,498.596078,6.262,6.914
1017.890610,497.728474,6.273,6.931
1012.964419,496.866677,6.284,6.949
1008.037229,496.010721,6.295,6.966
1003.109038,495.160639,6.306,6.983
998.179843,494.316466,6.317,7.001
993.249639,493.478234,6.328,7.018
988.318423,492.645977,6.339,7.035
983.386193,491.819729,6.350,7.053
978.452945,490.999523,6.361,7.070
973.518676,490.185393,6.372,7.087
968.583382,489.377373,6.383,7.105
963.647060,488.575495,6.394,7.122
958.709708,487.779794,6.405,7.139
953.771321,486.990302,6.433,7.142
948.831896,486.207055,6.554,7.066
943.891430,485.430093,6.676,6.990
938.949925,484.659505,6.797,6.914
934.007379,483.895393,6.918,6.838
929.063793,483.137862,7.040,6.762
924.119170,482.387015,7.161,6.686
919.173508,481.642955,7.155,6.717
914.226809,480.905786,7.124,6.769
909.279074,480.175610,7.093,6.821
904.330303,479.452532,7.062,6.873
899.380497,478.736654,7.031,6.925
894.429656,478.028080,7.000,6.977
889.477782,477.326914,6.969,7.029
884.524874,476.633258,6.990,7.086
879.570934,475.947217,7.013,7.142
874.615963,475.268893,7.037,7.199
869.659961,474.598389,7.061,7.255
864.702928,473.935810,7.085,7.312
859.744871,473.281212,7.109,7.368
854.785846,472.634183,7.133,7.425
849.825939,471.994042,7.156,7.481
844.865236,471.360105,7.180,7.538
839.903822,470.731689,7.204,7.594
834.941784,470.108108,7.228,7.651
829.979208,469.488680,7.252,7.708
825.016180,468.872719,7.276,7.764
820.052785,468.259542,7.300,7.821
815.089111,467.648465,7.330,7.852
810.125243,467.038804,7.387,7.769
805.161266,466.429874,7.445,7.687
800.197268,465.820992,7.502,7.605
795.233333,465.211474,7.560,7.522
790.269549,464.600635,7.617,7.440
785.306001,463.987791,7.675,7.357
780.342775,463.372258,7.681,7.338
775.379953,462.753381,7.661,7.353
770.417545,462.131104,7.641,7.368
765.455485,461.505945,7.620,7.383
760.493709,460.878443,7.600,7.398
755.532151,460.249140,7.579,7.412
750.570744,459.618577,7.559,7.427
745.609422,458.987293,7.538,7.442
740.648119,458.355830,7.518,7.457
735.686770,457.724727,7.498,7.472
730.725308,457.094526,7.477,7.487
725.763666,456.465767,7.457,7.501
720.801780,455.838991,7.436,7.516
715.839583,455.214738,7.416,7.531
710.877009,454.593549,7.396,7.546
705.913992,453.975965,7.379,7.563
700.950466,453.362525,7.433,7.622
695.986365,452.753771,7.488,7.681
691.021623,452.150237,7.543,7.740
686.056230,451.552010,7.597,7.800
681.090257,450.958475,7.652,7.859
676.123786,450.368954,7.707,7.918
671.156898,449.782769,7.761,7.977
666.189672,449.199242,7.816,8.036
661.222189,448.617695,7.871,8.095
656.254530,448.037450,7.925,8.154
651.286776,447.457830,7.980,8.214
646.319006,446.878155,8.035,8.273
641.351302,446.297748,8.089,8.332
636.383744,445.715932,8.144,8.391
631.416413,445.132027,8.199,8.450
626.449389,444.545357,8.253,8.509
621.482753,443.955242,8.308,8.569
616.516585,443.361005,8.363,8.628
611.550966,442.761969,8.417,8.687
606.585976,442.157454,8.472,8.746
601.621568,441.547946,8.527,8.805
596.656511,440.944613,8.581,8.864
591.688938,440.364381,8.636,8.924
586.716976,439.824226,8.691,8.983
581.738840,439.340416,8.745,9.042
576.757953,438.887311,8.904,9.032
571.785754,438.374725,9.199,8.933
566.834367,437.706970,9.494,8.833
561.915916,436.788359,9.789,8.733
557.125378,435.426409,10.151,8.805
552.955704,433.005700,10.532,8.924
549.986276,429.186232,10.504,8.707
548.416396,424.374173,9.886,8.004
548.138469,419.438241,9.267,7.301
549.385647,414.904023,8.846,7.061
551.826083,410.702052,8.573,7.168
554.701969,406.609655,8.300,7.275
557.730625,402.579916,8.027,7.383
560.792755,398.591045,7.758,7.489
563.880803,394.636359,7.735,7.493
566.989853,390.709527,7.712,7.497
570.114991,386.804222,7.689,7.501
573.251302,382.914116,7.666,7.505
576.393871,379.032879,7.643,7.509
579.537785,375.154184,7.620,7.513
582.678127,371.271703,7.597,7.517
585.810194,367.379560,7.561,7.548
588.930751,363.475046,7.517,7.593
592.037189,359.556801,7.472,7.638
595.126900,355.623467,7.428,7.683
598.197278,351.673688,7.384,7.727
601.245715,347.706109,7.354,7.756
604.269605,343.719374,7.347,7.755
607.266341,339.712125,7.341,7.754
610.233365,335.683043,7.334,7.752
613.169820,331.631988,7.328,7.751
616.076929,327.560277,7.322,7.750
618.956044,323.469313,7.315,7.749
621.808517,319.360500,7.309,7.748
624.635701,315.235240,7.302,7.747
627.438946,311.094939,7.302,7.739
630.219605,306.940998,7.311,7.724
632.979029,302.774823,7.319,7.708
635.718523,298.597691,7.327,7.693
638.438738,294.409182,7.335,7.677
641.139862,290.207660,7.344,7.662
643.822069,285.991460,7.352,7.646
646.485534,281.758916,7.360,7.630
649.130434,277.508364,7.368,7.615
651.756942,273.238141,7.363,7.582
654.365235,268.946580,7.288,7.454
656.954485,264.631739,7.212,7.326
659.374634,260.250331,7.123,7.187
661.169477,255.674249,7.029,7.175
661.910403,250.802701,7.068,7.195
661.603698,245.786670,7.027,7.070
660.405546,240.884490,7.088,6.997
658.287200,236.382929,6.813,7.183
655.152434,232.577908,6.947,7.236
651.128638,229.699486,6.792,7.519
646.594035,227.895556,6.696,7.288
641.798352,227.109164,7.338,7.195
636.829753,227.055715,7.860,7.364
631.767686,227.438326,7.817,7.472
626.691591,227.960125,7.731,7.573
621.661821,228.386963,7.644,7.674
616.674074,228.697117,7.557,7.776
611.710376,228.913786,7.517,7.678
606.752754,229.060173,7.497,7.500
601.786720,229.174452,7.476,7.321
596.809533,229.345231,7.451,7.202
591.820918,229.671720,7.423,7.123
586.820603,230.253129,7.143,7.119
581.817018,231.188330,6.919,7.094
576.922405,232.572150,6.749,7.292
572.317245,234.496759,7.063,7.234
568.183217,237.054277,6.855,7.295
564.700840,240.335844,6.664,7.055
561.931291,244.331383,6.644,6.812
559.714397,248.843088,6.791,6.481
557.865951,253.652765,6.861,6.478
556.201746,258.542225,6.667,6.590
554.554821,263.322648,6.474,6.701
552.860355,267.979163,6.426,6.716
551.090984,272.560689,6.518,6.639
549.219397,277.116242,6.644,6.571
547.215753,281.681080,6.802,6.513
545.035278,286.209481,6.729,6.432
542.627757,290.626189,6.579,6.316
539.942968,294.855907,6.542,6.051
536.933666,298.826540,6.111,6.272
533.629033,302.548209,5.955,6.324
530.139353,306.118271,6.078,6.145
526.578822,309.638299,6.174,5.991
523.061624,313.209846,6.094,6.014
519.660912,316.895983,6.014,6.038
516.320305,320.638269,5.934,6.061
512.957922,324.354340,5.854,6.084
509.491881,327.961833,5.791,6.086
505.843731,331.378028,5.940,5.842
501.972869,334.516263,6.078,5.765
497.862161,337.287429,6.441,5.914
493.494826,339.602383,6.981,6.425
488.859851,341.384051,7.415,7.525
484.008752,342.686147,7.827,8.268
479.031320,343.642452,8.194,8.552
474.017897,344.387901,8.509,8.449
469.058128,345.056538,8.786,8.201
464.182020,345.706484,8.656,8.120
459.315259,346.263051,8.291,8.134
454.373006,346.638151,7.926,8.149
449.270423,346.743695,7.877,7.745
444.032762,346.411627,7.778,7.214
439.297124,345.029460,7.148,6.614
435.888862,341.875798,6.594,6.333
434.127618,337.207050,6.288,5.894
433.837107,332.202006,6.212,5.659
434.748014,327.435908,5.869,5.719
436.520919,322.863354,5.905,6.018
438.813541,318.413640,5.974,6.078
441.291543,314.017675,6.023,6.055
443.788084,309.640359,6.073,6.033
446.295839,305.278965,6.123,6.011
448.813821,300.932054,6.172,5.988
451.341044,296.598185,6.218,5.968
453.876520,292.275917,6.216,5.966
456.419263,287.963810,6.214,5.965
458.968287,283.660423,6.212,5.963
461.522606,279.364317,6.210,5.962
464.081233,275.074050,6.208,5.960
466.643181,270.788183,6.206,5.959
469.207464,266.505274,6.204,5.957
471.773095,262.223884,6.202,5.956
474.339089,257.942572,6.200,5.954
476.904458,253.659898,6.198,5.953
479.468215,249.374421,6.196,5.952
482.029376,245.084701,6.195,5.950
484.586973,240.789319,6.193,5.949
487.141323,236.488207,6.191,5.947
489.694765,232.183427,6.189,5.946
492.249817,227.877231,6.187,5.944
494.808997,223.571869,6.185,5.943
497.374823,219.269591,6.183,5.941
499.949812,214.972648,6.181,5.940
502.536483,210.683291,6.179,5.938
505.137352,206.403770,6.177,5.937
507.754238,202.135931,6.175,5.935
510.374969,197.873509,6.173,5.934
512.974468,193.602763,6.133,6.007
515.527173,189.309669,6.072,6.121
518.007523,184.980203,6.010,6.236
520.389956,180.600342,5.949,6.351
522.648911,176.156063,6.077,6.527
524.758828,171.633343,6.378,6.759
526.694128,167.018170,6.680,6.992
528.419961,162.303760,6.959,7.064
529.876563,157.502738,7.214,7.222
531.000036,152.630949,7.423,7.613
531.726481,147.704243,7.541,7.621
532.000329,142.738949,7.482,7.607
531.841448,137.755784,7.308,7.541
531.309822,132.777795,7.152,7.184
530.465804,127.828048,6.865,6.915
529.369651,122.929380,6.552,6.674
528.076031,118.091397,6.304,6.431
526.631128,113.303626,6.080,6.211
525.080418,108.553912,6.027,6.144
523.469376,103.830101,5.975,6.077
521.833516,99.121844,5.936,6.024
520.161141,94.427331,5.905,5.980
518.426586,89.747281,5.874,5.936
516.604186,85.082412,5.837,5.905
514.663653,80.441846,5.738,6.003
512.552941,75.874278,5.751,6.057
510.213598,71.440047,5.891,6.058
507.587175,67.199494,6.180,5.736
504.617766,63.211843,6.030,5.890
501.296436,59.515711,5.689,6.227
497.655580,56.131585,5.749,6.063
493.729002,53.079333,5.651,6.358
489.550525,50.378745,5.862,6.369
485.161247,48.019308,5.875,6.339
480.620629,45.914041,5.887,6.310
475.990984,43.964088,5.900,6.280
471.334624,42.070594,5.913,6.250
466.708987,40.141419,5.925,6.220
462.130294,38.141204,5.938,6.190
457.594040,36.063149,5.951,6.161
453.095559,33.900670,5.968,6.126
448.628805,31.652054,6.103,5.966
444.176104,29.356563,6.239,5.806
439.713963,27.073952,6.375,5.646
435.218848,24.864132,6.054,5.823
430.667377,22.787099,5.709,6.017
426.043696,20.907146,5.555,6.029
421.342745,19.294726,5.380,6.196
416.560297,18.020771,5.533,6.147
411.692127,17.156208,5.950,5.790
406.739100,16.743967,6.175,5.611
401.724642,16.702969,6.086,5.749
396.678420,16.917815,5.911,6.005
391.630099,17.273109,5.872,6.102
386.608467,17.659708,5.911,6.110
381.627321,18.074890,5.915,6.128
376.687921,18.604936,5.839,6.170
371.791145,19.338869,5.762,6.212
366.937473,20.360061,5.926,6.046
362.120768,21.657153,6.186,5.797
357.329411,23.140272,6.065,5.926
352.551614,24.717169,5.881,6.118
347.775621,26.295747,5.763,6.216
342.999255,27.828355,5.836,6.046
338.243327,29.374047,5.909,5.877
333.532029,31.007556,5.821,5.910
328.889549,32.803619,5.667,6.027
324.339137,34.830314,5.513,6.144
319.896511,37.102596,5.359,6.261
315.573785,39.609964,5.667,6.092
311.383051,42.341763,5.880,5.994
307.336399,45.287333,5.906,6.026
303.445921,48.436018,6.014,5.928
299.723707,51.777158,6.155,5.774
296.181848,55.300097,5.841,6.014
292.831992,58.994008,5.716,6.125
289.666700,62.840798,5.809,6.091
286.652655,66.812522,5.956,6.058
283.754692,70.880532,6.079,6.032
280.937646,75.016181,6.110,6.032
278.166355,79.190820,6.140,6.032
275.405653,83.375802,6.171,6.032
272.620377,87.542480,6.202,6.032
269.775364,91.662206,6.232,6.032
266.837838,95.708269,6.197,6.055
263.812542,99.684382,6.125,6.090
260.734029,103.618434,6.054,6.125
257.637675,107.538977,5.984,6.159
254.558799,111.474522,6.017,6.137
251.519333,115.442748,6.051,6.114
248.510477,119.436484,6.085,6.092
245.519143,123.445086,6.115,6.039
242.532255,127.457922,6.141,5.963
239.540136,131.467106,6.168,5.887
236.540873,135.471010,6.174,5.834
233.533627,139.468881,6.059,5.914
230.517563,143.459962,5.943,5.993
227.491843,147.443499,5.827,6.073
224.455630,151.418735,5.736,6.135
221.408087,155.384915,5.828,6.069
218.348378,159.341284,5.921,6.003
215.275665,163.287087,6.013,5.936
212.189112,167.221567,6.105,5.870
209.087881,171.143970,6.153,5.867
205.971136,175.053540,6.174,5.901
202.838039,178.949522,6.195,5.934
199.687754,182.831159,6.217,5.968
196.519444,186.697698,6.238,6.001
193.332271,190.548382,6.259,6.035
190.125400,194.382455,6.281,6.068
186.893632,198.195728,6.238,6.033
183.614330,201.970268,6.194,5.997
180.260499,205.684710,6.151,5.961
176.805139,209.317687,6.108,5.926
173.216691,212.836947,5.977,5.879
169.395926,216.048811,5.937,5.660
165.192353,218.636807,5.734,5.798
160.557507,220.425802,5.812,5.785
155.670066,221.558350,6.132,5.962
150.691279,222.174798,6.287,6.219
145.677972,222.318008,6.470,6.412
140.673150,222.017939,6.599,6.479
135.719821,221.304551,6.560,6.490
130.855587,220.211663,6.257,6.644
126.079533,218.800630,6.438,6.476
121.374017,217.144761,6.605,6.319
116.721324,215.317415,6.750,6.179
112.103908,213.391186,6.785,6.188
107.510192,211.411059,6.630,6.457
102.936083,209.387390,6.523,6.612
98.377966,207.328341,6.474,6.628
93.832223,205.242073,6.426,6.644
89.295238,203.136746,6.377,6.661
84.763394,201.020523,6.351,6.670
80.233075,198.901565,6.354,6.669
75.700663,196.788032,6.357,6.669
71.162720,194.687675,6.360,6.668
66.618282,192.602495,6.363,6.668
62.068206,190.530266,6.366,6.667
57.513390,188.468666,6.369,6.667
52.954732,186.415372,6.372,6.666
48.393131,184.368063,6.375,6.666
43.829485,182.324415,6.377,6.665
39.264693,180.282107,6.380,6.665
34.699652,178.238821,6.383,6.664
30.135015,176.192971,6.386,6.664
25.570919,174.144513,6.389,6.663
21.007439,172.093596,6.392,6.663
16.444650,170.040372,6.395,6.662
11.882624,167.984989,6.398,6.662
7.321435,165.927598,6.401,6.661
2.761159,163.868347,6.404,6.661
-1.798132,161.807388,6.407,6.660
-6.356364,159.744870,6.410,6.660
-10.913462,157.680943,6.413,6.659
-15.469353,155.615756,6.416,6.659
-20.023963,153.549459,6.419,6.658
-24.577217,151.482203,6.422,6.658
-29.129043,149.414137,6.425,6.657
-33.679365,147.345411,6.428,6.657
-38.228111,145.276174,6.431,6.656
-42.775206,143.206578,6.434,6.656
-47.321045,141.137148,6.437,6.655
-51.867740,139.069798,6.440,6.655
-56.417795,137.006756,6.443,6.654
-60.973715,134.950250,6.446,6.654
-65.538004,132.902509,6.449,6.653
-70.113167,130.865760,6.452,6.653
-74.701709,128.842234,6.455,6.652
-79.306133,126.834158,6.457,6.652
-83.928687,124.843435,6.522,6.468
-88.534782,122.825432,6.597,6.256
-93.014980,120.640956,6.671,6.044
-97.250766,118.139344,6.763,5.905
-101.123624,115.169934,7.149,6.743
-104.544866,111.615468,7.726,7.803
-107.621534,107.577886,8.728,8.818
-110.422546,103.228517,9.583,9.407
-112.251600,98.614803,9.892,9.566
-112.185302,93.836804,10.056,9.399
-109.906659,89.592594,9.280,8.558
-106.319064,86.071731,7.858,7.893
-102.377621,82.967133,7.134,7.560
-98.350843,79.981720,7.131,7.314
-94.357667,76.962933,7.129,7.068
-90.392200,73.915556,7.131,6.882
-86.442205,70.852374,7.150,6.903
-82.495447,67.786171,7.169,6.924
-78.542384,64.726905,7.188,6.944
-74.582280,61.675303,7.206,6.965
-70.616199,58.630208,7.225,6.986
-66.645203,55.590462,7.244,7.007
-62.670354,52.554907,7.263,7.028
-58.692715,49.522386,7.282,7.049
-54.713348,46.491742,7.301,7.069
-50.733316,43.461817,7.320,7.090
-46.753625,40.431514,7.339,7.111
-42.774640,37.400436,7.357,7.132
-38.796321,34.368629,7.376,7.153
-34.818617,31.336147,7.395,7.174
-30.841482,28.303044,7.414,7.194
-26.864866,25.269372,7.433,7.215
-22.888722,22.235186,7.452,7.236
-18.912999,19.200539,7.471,7.257
-14.937650,16.165486,7.490,7.278
-10.962627,13.130078,7.508,7.299
-6.987881,10.094372,7.527,7.319
-3.013363,7.058418,7.546,7.340
